<?xml version="1.0" standalone="no"?>
<!DOCTYPE svg PUBLIC "-//W3C//DTD SVG 20010904//EN"
 "http://www.w3.org/TR/2001/REC-SVG-20010904/DTD/svg10.dtd">
<svg version="1.0" xmlns="http://www.w3.org/2000/svg"
 width="600.000000pt" height="480.000000pt" viewBox="0 0 600.000000 480.000000"
 preserveAspectRatio="xMidYMid meet">
<metadata>
Created by potrace 1.16, written by Peter Selinger 2001-2019
</metadata>
<g transform="translate(0.000000,480.000000) scale(0.100000,-0.100000)"
fill="#000000" stroke="none">
<path d="M2803 4045 c0 -27 2 -38 4 -22 2 15 2 37 0 50 -2 12 -4 0 -4 -28z"/>
<path d="M2090 4040 c0 -35 3 -40 23 -40 27 0 42 10 49 30 9 26 -11 50 -42 50
-28 0 -30 -2 -30 -40z m58 3 c-2 -17 -10 -29 -20 -31 -14 -3 -18 3 -18 27 0
25 4 31 21 31 16 0 20 -5 17 -27z"/>
<path d="M2180 4039 c0 -38 1 -40 28 -37 24 3 27 8 29 41 2 35 0 37 -27 37
-28 0 -30 -2 -30 -41z m50 21 c0 -5 -9 -10 -20 -10 -11 0 -20 5 -20 10 0 6 9
10 20 10 11 0 20 -4 20 -10z m0 -35 c0 -8 -9 -15 -20 -15 -11 0 -20 7 -20 15
0 8 9 15 20 15 11 0 20 -7 20 -15z"/>
<path d="M2267 4073 c-13 -12 -7 -24 18 -33 33 -12 33 -34 0 -28 -13 3 -22 1
-19 -3 8 -14 40 -11 53 5 12 15 2 27 -32 39 -10 4 -15 11 -12 17 7 11 2 13 -8
3z"/>
<path d="M2305 4070 c3 -5 8 -10 11 -10 2 0 4 5 4 10 0 6 -5 10 -11 10 -5 0
-7 -4 -4 -10z"/>
<path d="M2570 4040 c0 -39 1 -40 33 -39 30 2 30 2 5 6 -16 2 -28 10 -28 18 0
8 12 16 28 18 l27 4 -27 2 c-16 0 -28 5 -28 10 0 5 12 12 28 14 25 4 25 4 -5
6 -32 1 -33 0 -33 -39z"/>
<path d="M3027 4058 c-7 -26 8 -58 29 -58 19 0 30 28 16 42 -8 8 -9 5 -5 -11
4 -15 1 -21 -11 -21 -13 0 -16 8 -13 35 5 38 -7 48 -16 13z"/>
<path d="M3162 4038 c1 -41 1 -41 5 -8 l5 35 15 -35 15 -35 13 30 13 30 5 -30
c3 -24 4 -22 6 13 1 50 -12 55 -26 10 l-10 -33 -13 33 c-17 45 -30 40 -28 -10z"/>
<path d="M3421 4038 c1 -24 3 -35 6 -26 2 9 14 18 26 20 14 2 23 11 25 26 3
19 -1 22 -27 22 -30 0 -31 -1 -30 -42z m49 17 c0 -8 -9 -15 -20 -15 -11 0 -20
7 -20 15 0 8 9 15 20 15 11 0 20 -7 20 -15z"/>
<path d="M3500 4040 c0 -22 3 -40 8 -40 4 0 6 18 4 40 -2 22 -6 40 -8 40 -2 0
-4 -18 -4 -40z"/>
<path d="M3708 4073 c19 -8 15 -61 -5 -66 -10 -3 -2 -5 17 -5 19 0 29 2 23 5
-7 2 -13 20 -13 39 0 26 -4 34 -17 33 -11 0 -13 -3 -5 -6z"/>
<path d="M3760 4069 c0 -5 5 -7 10 -4 6 3 10 8 10 11 0 2 -4 4 -10 4 -5 0 -10
-5 -10 -11z"/>
<path d="M3796 4067 c2 -7 -4 -22 -16 -32 -27 -25 -25 -35 8 -34 26 1 26 1 4
8 l-24 6 21 19 c22 20 28 46 11 46 -5 0 -7 -6 -4 -13z"/>
<path d="M3825 4060 c-8 -26 12 -62 33 -58 18 3 29 55 15 69 -4 4 -8 -6 -8
-23 0 -17 -5 -33 -12 -35 -17 -6 -27 35 -13 52 8 10 9 15 2 15 -6 0 -13 -9
-17 -20z"/>
<path d="M2409 4058 c-11 -8 -11 -9 3 -4 10 3 20 1 23 -3 2 -5 -4 -11 -15 -14
-31 -8 -25 -36 8 -35 25 1 28 4 24 29 -5 31 -22 42 -43 27z m26 -38 c-3 -5
-10 -10 -16 -10 -5 0 -9 5 -9 10 0 6 7 10 16 10 8 0 12 -4 9 -10z"/>
<path d="M2483 4063 c-7 -3 -12 -19 -12 -36 l1 -32 7 29 c3 17 11 30 16 30 6
0 13 -13 16 -30 7 -28 7 -28 8 -3 1 29 -17 49 -36 42z"/>
<path d="M2929 4032 c5 -34 6 -35 9 -8 2 16 0 32 -5 37 -5 5 -7 -7 -4 -29z"/>
<path d="M3303 4063 c-7 -3 -12 -19 -12 -36 l1 -32 7 29 c3 17 11 30 16 30 6
0 13 -13 16 -30 7 -28 7 -28 8 -3 1 29 -17 49 -36 42z"/>
<path d="M2340 4035 c0 -28 25 -44 42 -27 8 8 4 9 -12 5 -20 -5 -22 -3 -18 20
3 15 1 27 -3 27 -5 0 -9 -11 -9 -25z"/>
<path d="M2650 4018 c0 -24 4 -38 8 -32 4 6 15 13 25 17 18 7 24 42 8 51 -4 3
-6 -6 -3 -19 3 -19 0 -25 -13 -25 -13 0 -16 6 -13 25 3 14 1 25 -3 25 -5 0 -9
-19 -9 -42z"/>
<path d="M2710 4051 c0 -5 10 -16 23 -25 l22 -17 -24 5 c-17 3 -21 2 -13 -6
12 -12 42 -4 42 13 0 6 -9 13 -20 16 -11 3 -17 9 -14 14 3 5 0 9 -5 9 -6 0
-11 -4 -11 -9z"/>
<path d="M2772 4030 c0 -19 2 -27 5 -17 2 9 2 25 0 35 -3 9 -5 1 -5 -18z"/>
<path d="M2825 4050 c-12 -20 6 -51 28 -48 24 3 35 34 18 51 -7 7 -8 4 -5 -10
3 -12 0 -24 -6 -28 -15 -9 -30 13 -23 32 6 15 -3 18 -12 3z"/>
<path d="M2890 4028 c0 -36 4 -35 14 5 4 16 2 27 -4 27 -5 0 -10 -14 -10 -32z"/>
<path d="M3262 4030 c0 -19 2 -27 5 -17 2 9 2 25 0 35 -3 9 -5 1 -5 -18z"/>
<path d="M3530 4051 c0 -5 10 -16 23 -25 l22 -17 -24 5 c-17 3 -21 2 -13 -6
12 -12 42 -4 42 13 0 6 -9 13 -20 16 -11 3 -17 9 -14 14 3 5 0 9 -5 9 -6 0
-11 -4 -11 -9z"/>
<path d="M448 3779 c3 -20 0 -34 -9 -40 -10 -6 -5 -8 16 -8 17 0 24 3 18 6 -7
2 -13 20 -13 39 0 19 -4 34 -8 34 -5 0 -6 -14 -4 -31z"/>
<path d="M512 3782 c-23 -31 -23 -32 -4 -32 11 0 22 -5 24 -12 8 -22 14 16 9
47 l-6 30 -23 -33z m18 -7 c0 -8 -4 -15 -10 -15 -5 0 -7 7 -4 15 4 8 8 15 10
15 2 0 4 -7 4 -15z"/>
<path d="M637 3773 c-4 -3 -7 -534 -7 -1180 l0 -1173 2355 0 2355 0 -2 1178
-3 1177 -2346 3 c-1290 1 -2349 -1 -2352 -5z m935 -55 l1 -43 4 43 4 42 465 0
464 0 2 -42 1 -43 4 43 4 42 465 0 464 0 2 -42 1 -43 4 43 4 42 465 0 464 0 2
-42 1 -43 4 43 4 42 460 0 459 0 0 -160 0 -160 -42 -2 -43 -1 43 -4 42 -4 0
-160 0 -159 -42 -2 -43 -1 43 -4 42 -4 0 -165 0 -164 -42 -2 -43 -1 43 -4 42
-4 0 -160 0 -159 -42 -2 -43 -1 43 -4 42 -4 0 -165 0 -164 -42 -2 -43 -1 43
-4 42 -4 0 -160 0 -159 -42 -2 -43 -1 43 -4 42 -4 0 -70 0 -69 -132 -2 -133
-2 133 -3 132 -4 0 -79 0 -80 -460 0 -460 0 -2 33 -1 32 -4 -32 -4 -33 -122 0
c-67 0 -257 7 -422 15 -165 8 -319 15 -342 15 -37 0 -43 3 -44 23 l-2 22 -4
-22 c-4 -23 -7 -23 -141 -22 -358 1 -786 17 -790 29 -4 10 -6 10 -12 0 -6 -10
-61 -10 -271 -1 -732 32 -1071 81 -1269 180 -98 49 -138 80 -194 151 -52 67
-75 109 -92 175 -19 70 -18 73 19 78 l32 4 -36 1 c-47 2 -49 9 -49 190 0 106
3 142 13 143 9 0 9 2 0 6 -10 3 -13 151 -13 664 l0 659 460 0 460 0 2 -42z
m-858 -1808 c16 -30 59 -85 95 -121 185 -184 509 -251 1419 -290 l282 -13 0
-28 0 -28 -462 2 -463 3 -6 40 -6 40 -2 -42 -1 -43 -460 0 -460 0 0 165 0 165
43 2 42 1 -42 4 -43 4 1 157 1 157 17 -60 c9 -33 29 -85 45 -115z m2344 -436
c374 -6 392 -8 392 -25 0 -18 -18 -19 -465 -19 l-465 0 0 31 0 31 73 -6 c39
-3 249 -8 465 -12z m777 -19 c182 -8 380 -17 440 -18 61 -2 -98 -4 -352 -5
-457 -2 -463 -2 -463 18 0 24 -36 24 375 5z m1142 -22 c-109 -2 -285 -2 -390
0 -106 1 -16 2 198 2 215 0 301 -1 192 -2z"/>
<path d="M698 3433 c6 -2 18 -2 25 0 6 3 1 5 -13 5 -14 0 -19 -2 -12 -5z"/>
<path d="M693 3103 c9 -2 23 -2 30 0 6 3 -1 5 -18 5 -16 0 -22 -2 -12 -5z"/>
<path d="M681 2995 c-2 -80 112 -355 206 -499 134 -205 301 -344 563 -470 132
-63 247 -99 407 -126 209 -36 608 -91 688 -95 95 -4 110 -7 -329 56 -490 70
-603 97 -791 191 -381 191 -612 482 -729 920 -12 41 -15 46 -15 23z"/>
<path d="M693 2763 c9 -2 23 -2 30 0 6 3 -1 5 -18 5 -16 0 -22 -2 -12 -5z"/>
<path d="M708 2433 c7 -3 16 -2 19 1 4 3 -2 6 -13 5 -11 0 -14 -3 -6 -6z"/>
<path d="M2653 1793 c9 -2 23 -2 30 0 6 3 -1 5 -18 5 -16 0 -22 -2 -12 -5z"/>
<path d="M3038 1743 c12 -2 32 -2 45 0 12 2 2 4 -23 4 -25 0 -35 -2 -22 -4z"/>
<path d="M3185 1730 c33 -4 83 -8 110 -7 l50 0 -60 7 c-33 4 -82 8 -110 7
l-50 0 60 -7z"/>
<path d="M3368 1713 c12 -2 32 -2 45 0 12 2 2 4 -23 4 -25 0 -35 -2 -22 -4z"/>
<path d="M3468 1703 c12 -2 30 -2 40 0 9 3 -1 5 -23 4 -22 0 -30 -2 -17 -4z"/>
<path d="M3591 1686 c36 -8 98 -24 138 -36 40 -12 75 -20 77 -17 8 8 -176 58
-229 62 -51 5 -51 5 14 -9z"/>
<path d="M4533 1633 c48 -2 126 -2 175 0 48 1 8 3 -88 3 -96 0 -136 -2 -87 -3z"/>
<path d="M4398 1623 c6 -2 18 -2 25 0 6 3 1 5 -13 5 -14 0 -19 -2 -12 -5z"/>
<path d="M4868 1623 c28 -2 76 -2 105 0 28 2 5 3 -53 3 -58 0 -81 -1 -52 -3z"/>
<path d="M3858 1613 c7 -3 16 -2 19 1 4 3 -2 6 -13 5 -11 0 -14 -3 -6 -6z"/>
<path d="M4348 1613 c6 -2 18 -2 25 0 6 3 1 5 -13 5 -14 0 -19 -2 -12 -5z"/>
<path d="M3898 1603 c7 -3 16 -2 19 1 4 3 -2 6 -13 5 -11 0 -14 -3 -6 -6z"/>
<path d="M4298 1603 c6 -2 18 -2 25 0 6 3 1 5 -13 5 -14 0 -19 -2 -12 -5z"/>
<path d="M3938 1593 c6 -2 18 -2 25 0 6 3 1 5 -13 5 -14 0 -19 -2 -12 -5z"/>
<path d="M4248 1593 c6 -2 18 -2 25 0 6 3 1 5 -13 5 -14 0 -19 -2 -12 -5z"/>
<path d="M3998 1583 c6 -2 18 -2 25 0 6 3 1 5 -13 5 -14 0 -19 -2 -12 -5z"/>
<path d="M4183 1583 c9 -2 23 -2 30 0 6 3 -1 5 -18 5 -16 0 -22 -2 -12 -5z"/>
<path d="M449 3475 c-7 -7 2 -75 10 -75 4 0 5 18 3 40 -4 41 -5 44 -13 35z"/>
<path d="M506 3471 c-4 -5 3 -7 14 -4 26 7 26 -9 0 -32 -11 -10 -20 -23 -20
-29 0 -6 12 1 26 16 17 16 24 32 21 42 -7 17 -32 22 -41 7z"/>
<path d="M448 3109 c3 -20 0 -34 -9 -40 -10 -6 -5 -8 16 -8 17 0 24 3 18 6 -7
2 -13 20 -13 39 0 19 -4 34 -8 34 -5 0 -6 -14 -4 -31z"/>
<path d="M502 3103 c2 -30 7 -38 23 -38 15 0 21 8 23 29 2 16 0 32 -5 37 -5 5
-7 -6 -5 -26 3 -28 1 -35 -13 -35 -14 0 -16 7 -13 35 2 19 0 35 -5 35 -4 0 -7
-17 -5 -37z"/>
<path d="M118 3113 c6 -2 12 -13 12 -23 0 -20 33 -36 50 -25 5 3 10 17 10 31
0 22 -4 24 -42 23 -24 0 -37 -3 -30 -6z m58 -14 c10 -17 -13 -36 -27 -22 -12
12 -4 33 11 33 5 0 12 -5 16 -11z"/>
<path d="M130 3025 c0 -22 4 -25 33 -24 30 2 30 2 5 6 -16 2 -28 10 -28 18 0
8 12 16 28 18 25 4 25 4 -5 6 -29 1 -33 -2 -33 -24z"/>
<path d="M142 2981 c-23 -14 -10 -46 18 -46 16 0 26 6 28 19 3 16 -12 36 -28
36 -3 0 -11 -4 -18 -9z m38 -26 c0 -8 -9 -15 -20 -15 -11 0 -20 7 -20 15 0 8
9 15 20 15 11 0 20 -7 20 -15z"/>
<path d="M132 2898 c2 -17 10 -23 28 -23 18 0 26 6 28 23 2 12 -1 22 -6 22 -6
0 -8 -9 -5 -20 4 -16 0 -20 -17 -20 -17 0 -21 4 -17 20 3 11 1 20 -5 20 -5 0
-8 -10 -6 -22z"/>
<path d="M137 2853 c-12 -12 -7 -41 8 -47 24 -9 45 4 44 28 -1 16 -2 17 -6 4
-6 -24 -23 -23 -23 2 0 20 -11 26 -23 13z m10 -25 c-3 -8 -6 -5 -6 6 -1 11 2
17 5 13 3 -3 4 -12 1 -19z"/>
<path d="M507 2804 c-10 -10 -9 -74 2 -74 4 0 7 16 5 35 -1 24 2 35 11 35 9 0
12 -11 11 -35 -2 -19 1 -35 6 -35 15 0 4 75 -13 78 -8 1 -18 0 -22 -4z"/>
<path d="M117 2783 c-4 -3 -7 -17 -7 -30 0 -33 36 -31 44 2 4 14 11 25 17 25
7 0 9 -11 7 -25 -3 -14 -1 -25 4 -25 5 0 8 12 6 27 -4 37 -33 43 -42 9 -8 -34
-30 -34 -24 -1 6 27 5 29 -5 18z"/>
<path d="M130 2666 c0 -12 9 -16 33 -15 21 1 25 3 12 6 -11 3 -26 10 -32 15
-10 8 -13 6 -13 -6z"/>
<path d="M137 2633 c-12 -12 -7 -41 8 -47 24 -9 45 4 44 28 -1 16 -2 17 -6 4
-6 -24 -23 -23 -23 2 0 20 -11 26 -23 13z m10 -25 c-3 -8 -6 -5 -6 6 -1 11 2
17 5 13 3 -3 4 -12 1 -19z"/>
<path d="M130 2545 c0 -23 3 -25 48 -24 26 1 39 3 30 6 -10 2 -18 13 -18 24 0
14 -7 19 -30 19 -25 0 -30 -4 -30 -25z m50 0 c0 -8 -9 -15 -20 -15 -11 0 -20
7 -20 15 0 8 9 15 20 15 11 0 20 -7 20 -15z"/>
<path d="M131 2453 c-1 -31 16 -38 30 -11 12 22 12 22 20 3 7 -19 8 -19 8 3 1
13 -5 22 -13 22 -8 0 -18 -10 -22 -22 l-8 -23 -7 25 c-6 23 -7 23 -8 3z"/>
<path d="M504 2456 c-3 -8 -4 -25 -2 -38 4 -31 42 -32 46 0 2 12 -1 22 -6 22
-6 0 -8 -9 -5 -20 4 -14 0 -20 -11 -20 -13 0 -16 8 -13 35 4 36 0 45 -9 21z"/>
<path d="M134 2395 c-8 -21 4 -35 32 -35 20 0 24 5 23 28 -2 23 -2 24 -6 5 -5
-28 -23 -30 -23 -3 0 23 -18 27 -26 5z m13 -17 c-3 -8 -6 -5 -6 6 -1 11 2 17
5 13 3 -3 4 -12 1 -19z"/>
<path d="M130 2300 c0 -39 1 -40 33 -39 30 2 30 2 5 6 -16 2 -28 10 -28 18 0
8 12 16 28 18 l27 4 -27 2 c-16 0 -28 5 -28 10 0 5 12 12 28 14 25 4 25 4 -5
6 -32 1 -33 0 -33 -39z"/>
<path d="M158 2243 c-21 -3 -28 -10 -27 -26 0 -21 1 -21 8 -2 8 19 8 19 15 -2
11 -34 36 -29 36 7 0 17 -1 29 -2 29 -2 -1 -15 -4 -30 -6z m22 -29 c0 -8 -4
-12 -10 -9 -5 3 -10 10 -10 16 0 5 5 9 10 9 6 0 10 -7 10 -16z"/>
<path d="M130 2166 c0 -12 9 -16 33 -15 21 1 25 3 12 6 -11 3 -26 10 -32 15
-10 8 -13 6 -13 -6z"/>
<path d="M111 2113 c-1 -32 0 -33 42 -32 23 1 34 3 25 6 -9 2 -19 16 -21 31
l-4 27 -2 -27 c-1 -37 -28 -37 -34 0 -4 25 -4 25 -6 -5z"/>
<path d="M511 2112 c-12 -18 -18 -32 -13 -32 5 0 14 10 20 23 10 20 11 20 11
-12 1 -22 5 -31 10 -25 5 5 6 25 3 44 l-8 34 -23 -32z"/>
<path d="M513 1803 c-7 -3 -13 -9 -13 -15 0 -7 5 -6 14 1 24 20 30 -8 7 -33
-28 -29 -27 -36 7 -35 26 1 26 1 4 8 l-24 6 21 19 c32 29 21 62 -16 49z"/>
<path d="M507 1464 c-4 -4 -7 -23 -7 -41 0 -30 3 -34 23 -31 18 2 22 9 22 38
0 33 -20 51 -38 34z m33 -34 c0 -20 -5 -30 -15 -30 -10 0 -15 10 -15 30 0 20
5 30 15 30 10 0 15 -10 15 -30z"/>
<path d="M615 1271 c-10 -34 4 -63 28 -59 18 2 22 10 22 38 0 28 -4 36 -22 38
-14 2 -23 -3 -28 -17z m43 -24 c2 -19 -1 -27 -13 -27 -19 0 -30 24 -21 46 9
23 31 11 34 -19z"/>
<path d="M1526 1281 c-4 -5 3 -7 14 -4 27 7 27 -23 0 -37 -29 -15 -25 -30 8
-29 18 1 21 3 9 6 -17 4 -18 6 -2 24 10 10 15 25 12 34 -7 16 -32 20 -41 6z"/>
<path d="M1590 1270 c-16 -30 -3 -62 23 -58 18 2 22 10 22 38 0 41 -27 53 -45
20z m38 -23 c2 -18 -1 -27 -11 -27 -18 0 -29 24 -20 45 8 23 28 12 31 -18z"/>
<path d="M2470 1260 c-12 -16 -17 -30 -11 -30 5 0 13 10 17 23 7 20 9 19 15
-13 l6 -35 2 43 c0 23 -1 42 -3 42 -3 0 -14 -13 -26 -30z"/>
<path d="M2524 1265 c-8 -34 1 -55 25 -55 22 0 35 30 26 60 -9 29 -43 26 -51
-5z m41 -15 c0 -13 -6 -25 -12 -27 -16 -6 -27 21 -19 43 9 23 31 11 31 -16z"/>
<path d="M3400 1270 c-16 -30 -3 -62 23 -58 29 4 35 38 8 45 -26 7 -27 20 -3
26 16 4 16 5 0 6 -10 0 -22 -8 -28 -19z m38 -38 c2 -7 -3 -12 -12 -12 -9 0
-16 7 -16 16 0 17 22 14 28 -4z"/>
<path d="M3464 1276 c-11 -28 1 -61 22 -64 25 -4 39 31 23 60 -12 21 -37 24
-45 4z m36 -26 c0 -20 -5 -30 -15 -30 -10 0 -15 10 -15 30 0 20 5 30 15 30 10
0 15 -10 15 -30z"/>
<path d="M4339 1288 c-6 -13 -5 -69 1 -73 4 -2 6 11 4 30 -1 24 2 35 11 35 10
0 13 -11 11 -35 -1 -22 2 -34 8 -32 6 2 11 9 10 15 -1 7 -2 23 -2 37 -2 18 -8
25 -22 25 -11 0 -20 -1 -21 -2z"/>
<path d="M4407 1284 c-4 -4 -7 -23 -7 -41 0 -30 3 -34 23 -31 18 2 22 9 22 38
0 33 -20 51 -38 34z m33 -34 c0 -20 -5 -30 -15 -30 -10 0 -15 10 -15 30 0 20
5 30 15 30 10 0 15 -10 15 -30z"/>
<path d="M5244 1278 c-4 -7 -3 -8 4 -4 8 5 12 -3 12 -23 0 -16 -6 -32 -12 -34
-7 -3 1 -5 17 -5 17 0 24 2 18 5 -7 2 -13 20 -13 39 0 34 -12 45 -26 22z"/>
<path d="M5304 1276 c-11 -29 1 -61 23 -64 24 -4 38 25 28 58 -7 23 -43 27
-51 6z m41 -27 c0 -15 -7 -25 -17 -27 -13 -3 -18 3 -18 21 0 13 3 27 7 31 13
12 28 -1 28 -25z"/>
<path d="M5374 1276 c-11 -28 0 -61 21 -61 16 0 20 7 20 35 0 25 -5 36 -18 38
-9 2 -20 -3 -23 -12z m36 -26 c0 -20 -5 -30 -15 -30 -10 0 -15 10 -15 30 0 20
5 30 15 30 10 0 15 -10 15 -30z"/>
<path d="M2588 980 c-9 -22 -12 -40 -7 -40 5 0 9 5 9 10 0 14 33 12 49 -2 9
-9 8 -1 -3 26 -9 21 -16 40 -16 42 0 2 -3 4 -7 4 -5 0 -16 -18 -25 -40z m31
-9 c-15 -5 -22 6 -14 19 6 9 10 9 16 -1 5 -8 4 -15 -2 -18z"/>
<path d="M2997 1014 c-11 -11 -8 -74 3 -74 6 0 10 6 10 14 0 8 10 16 23 18 32
4 30 42 -3 46 -14 2 -29 0 -33 -4z m46 -19 c1 -5 -6 -11 -15 -13 -11 -2 -18 3
-18 13 0 17 30 18 33 0z"/>
<path d="M2720 977 c0 -20 3 -37 8 -37 9 0 8 57 -1 67 -4 3 -7 -10 -7 -30z"/>
<path d="M2867 1004 c-6 -7 5 -64 13 -64 4 0 5 11 2 25 -6 35 14 32 26 -4 7
-21 7 -32 -1 -41 -9 -10 -9 -11 1 -6 14 8 45 77 37 84 -2 3 -9 -6 -14 -19 -10
-24 -10 -24 -16 -2 -6 19 -38 37 -48 27z"/>
<path d="M3377 1003 c-9 -9 -9 -51 1 -56 4 -3 7 10 8 29 1 37 0 37 -9 27z"/>
<path d="M2667 993 c-10 -9 -8 -53 2 -53 4 0 6 12 3 27 -4 23 -2 25 17 20 11
-3 19 -1 15 4 -6 11 -28 12 -37 2z"/>
<path d="M2752 970 c0 -19 2 -27 5 -17 2 9 2 25 0 35 -3 9 -5 1 -5 -18z"/>
<path d="M2781 970 c6 -16 14 -30 18 -30 10 0 33 51 27 58 -3 3 -10 -6 -15
-19 l-10 -24 -7 23 c-3 12 -10 22 -15 22 -4 0 -3 -13 2 -30z"/>
<path d="M2842 970 c0 -19 2 -27 5 -17 2 9 2 25 0 35 -3 9 -5 1 -5 -18z"/>
<path d="M3077 993 c-10 -9 -9 -41 2 -47 4 -3 7 6 5 19 -1 16 3 25 12 25 8 0
14 -4 14 -10 0 -5 4 -10 10 -10 5 0 7 7 4 15 -6 15 -35 20 -47 8z"/>
<path d="M3141 968 c2 -28 2 -29 6 -8 3 14 10 28 17 32 7 5 5 8 -6 8 -14 0
-18 -8 -17 -32z"/>
<path d="M3187 993 c-10 -9 -8 -53 2 -53 4 0 6 12 3 27 -4 23 -2 25 17 20 11
-3 19 -1 15 4 -6 11 -28 12 -37 2z"/>
<path d="M3247 994 c-10 -10 -9 -54 2 -54 4 0 6 11 3 25 -3 18 0 25 11 25 8 0
18 -5 20 -10 3 -6 4 -5 3 2 -3 15 -28 22 -39 12z"/>
<path d="M3311 968 c2 -30 2 -31 6 -5 5 34 30 36 36 2 4 -23 4 -23 3 2 -1 21
-7 29 -23 31 -20 3 -23 -1 -22 -30z"/>
<path d="M3063 365 c0 -27 2 -38 4 -22 2 15 2 37 0 50 -2 12 -4 0 -4 -28z"/>
<path d="M3093 365 c0 -27 2 -38 4 -22 2 15 2 37 0 50 -2 12 -4 0 -4 -28z"/>
<path d="M1503 383 c-7 -2 -12 -19 -12 -36 2 -28 2 -29 6 -7 3 14 10 31 15 38
11 13 10 13 -9 5z"/>
<path d="M1567 383 c-13 -12 -7 -33 8 -33 21 0 19 -18 -2 -23 -14 -4 -12 -5 5
-6 25 -1 31 26 6 36 -8 3 -13 12 -10 19 6 15 3 18 -7 7z"/>
<path d="M1633 383 c-8 -3 -13 -22 -13 -46 0 -23 4 -37 8 -31 4 6 15 13 25 17
35 13 15 72 -20 60z m27 -34 c0 -10 -7 -19 -15 -19 -15 0 -21 31 -9 43 11 10
24 -3 24 -24z"/>
<path d="M4199 352 c5 -34 6 -35 9 -8 2 16 0 32 -5 37 -5 5 -7 -7 -4 -29z"/>
<path d="M4259 378 c12 -16 11 -18 -8 -18 -14 0 -21 -6 -21 -20 0 -15 6 -19
25 -18 30 3 35 38 8 59 -16 13 -17 12 -4 -3z m6 -38 c-3 -5 -10 -10 -16 -10
-5 0 -9 5 -9 10 0 6 7 10 16 10 8 0 12 -4 9 -10z"/>
<path d="M4329 378 c14 -19 9 -48 -9 -48 -5 0 -10 11 -10 25 0 14 -4 25 -10
25 -5 0 -10 -18 -10 -40 0 -22 5 -40 10 -40 6 0 10 4 10 9 0 5 9 11 20 14 25
6 26 40 3 58 -16 13 -17 12 -4 -3z"/>
<path d="M4387 379 c7 -7 15 -10 18 -7 3 3 -2 9 -12 12 -14 6 -15 5 -6 -5z"/>
<path d="M4430 375 c-17 -21 -8 -50 18 -53 12 -2 22 1 22 6 0 6 -9 8 -20 5
-11 -3 -20 0 -20 6 0 6 9 11 20 11 13 0 20 6 19 18 0 10 -3 12 -6 5 -2 -7 -12
-13 -20 -13 -13 0 -13 3 -3 15 7 8 10 15 7 15 -2 0 -10 -7 -17 -15z"/>
<path d="M1532 350 c0 -19 2 -27 5 -17 2 9 2 25 0 35 -3 9 -5 1 -5 -18z"/>
<path d="M2873 350 c6 -16 14 -30 18 -30 4 0 12 14 18 30 12 35 5 41 -9 8 l-9
-23 -7 23 c-3 12 -10 22 -14 22 -5 0 -3 -13 3 -30z"/>
<path d="M2930 350 c0 -16 2 -30 4 -30 2 0 6 14 8 30 3 17 1 30 -4 30 -4 0 -8
-13 -8 -30z"/>
<path d="M3001 353 c-1 -29 2 -33 24 -31 21 2 25 7 24 33 -1 28 -1 28 -8 6 -9
-35 -29 -37 -34 -4 -4 27 -4 27 -6 -4z"/>
<path d="M3956 360 c10 -40 22 -46 34 -15 6 15 9 30 6 32 -2 3 -7 -6 -11 -18
l-7 -22 -15 24 -14 24 7 -25z"/>
<path d="M4010 348 c0 -36 4 -35 14 5 4 16 2 27 -4 27 -5 0 -10 -14 -10 -32z"/>
<path d="M4100 378 c0 -4 5 -19 10 -34 8 -21 8 -29 -2 -36 -10 -6 -10 -8 -1
-8 13 0 47 69 39 77 -2 3 -7 -6 -11 -18 l-7 -22 -14 24 c-7 13 -13 21 -14 17z"/>
<path d="M4160 350 c0 -16 2 -30 4 -30 2 0 6 14 8 30 3 17 1 30 -4 30 -4 0 -8
-13 -8 -30z"/>
<path d="M4360 374 c0 -6 10 -19 23 -28 l22 -17 -22 5 c-13 2 -23 0 -23 -6 0
-14 43 -5 48 9 2 7 -5 16 -15 20 -10 3 -21 11 -25 17 -5 8 -8 8 -8 0z"/>
<path d="M4490 365 c0 -8 7 -15 15 -15 21 0 19 -18 -2 -23 -14 -4 -13 -5 4 -6
32 -2 35 13 8 37 -19 17 -25 18 -25 7z"/>
<path d="M1760 360 c0 -6 77 -10 210 -10 133 0 210 4 210 10 0 6 -77 10 -210
10 -133 0 -210 -4 -210 -10z"/>
<path d="M2972 320 c0 -19 2 -27 5 -17 2 9 2 25 0 35 -3 9 -5 1 -5 -18z"/>
<path d="M4057 333 c-10 -10 -8 -23 4 -23 5 0 8 4 5 9 -4 5 0 12 6 14 7 3 8 6
2 6 -6 1 -14 -2 -17 -6z"/>
<path d="M4080 301 c0 -8 -7 -11 -17 -6 -15 5 -16 4 -5 -6 9 -10 15 -10 24 -1
6 6 9 15 5 19 -4 3 -7 1 -7 -6z"/>
<path d="M3089 213 c-3 -49 -5 -57 -16 -60 -6 -2 -14 7 -16 22 -4 24 -4 24 -3
-2 1 -22 6 -28 24 -29 20 -1 22 3 22 42 0 42 -9 63 -11 27z"/>
<path d="M1503 203 c-7 -2 -12 -19 -12 -36 2 -28 2 -29 6 -7 3 14 10 31 15 38
11 13 10 13 -9 5z"/>
<path d="M1567 203 c-13 -12 -7 -33 8 -33 21 0 19 -18 -2 -23 -14 -4 -12 -5 5
-6 25 -1 31 26 6 36 -8 3 -13 12 -10 19 6 15 3 18 -7 7z"/>
<path d="M1633 203 c-8 -3 -13 -22 -13 -46 0 -23 4 -37 8 -31 4 6 15 13 25 17
35 13 15 72 -20 60z m27 -34 c0 -10 -7 -19 -15 -19 -15 0 -21 31 -9 43 11 10
24 -3 24 -24z"/>
<path d="M2990 195 c-17 -21 -8 -50 18 -53 12 -2 22 1 22 6 0 6 -9 8 -20 5
-11 -3 -20 0 -20 6 0 6 9 11 20 11 13 0 20 6 19 18 0 10 -3 12 -6 5 -2 -7 -12
-13 -20 -13 -13 0 -13 3 -3 15 7 8 10 15 7 15 -2 0 -10 -7 -17 -15z"/>
<path d="M1435 180 c2 -14 5 -28 5 -32 0 -20 19 -5 29 22 12 35 5 41 -8 8 l-9
-23 -11 25 -12 25 6 -25z"/>
<path d="M1532 170 c0 -19 2 -27 5 -17 2 9 2 25 0 35 -3 9 -5 1 -5 -18z"/>
<path d="M2793 170 c6 -16 14 -30 18 -30 4 0 12 14 18 30 12 35 5 41 -9 8 l-9
-23 -7 23 c-3 12 -10 22 -14 22 -5 0 -3 -13 3 -30z"/>
<path d="M2850 170 c0 -16 2 -30 4 -30 2 0 6 13 8 30 3 17 1 30 -4 30 -4 0 -8
-13 -8 -30z"/>
<path d="M2922 170 c0 -19 2 -27 5 -17 2 9 2 25 0 35 -3 9 -5 1 -5 -18z"/>
<path d="M2940 170 c0 -16 2 -30 4 -30 2 0 6 13 8 30 3 17 1 30 -4 30 -4 0 -8
-13 -8 -30z"/>
<path d="M1760 180 c0 -6 77 -10 210 -10 133 0 210 4 210 10 0 6 -77 10 -210
10 -133 0 -210 -4 -210 -10z"/>
<path d="M2892 140 c0 -19 2 -27 5 -17 2 9 2 25 0 35 -3 9 -5 1 -5 -18z"/>
</g>
</svg>
